idx	label	predict	radius	correct	time
0	3	3	0.329	1	0:00:09.793154
20	7	4	0.234	0	0:00:09.464459
40	4	4	0.953	1	0:00:09.498823
60	7	7	0.953	1	0:00:09.520348
80	8	8	0.953	1	0:00:09.551195
100	4	4	0.715	1	0:00:09.571383
120	8	8	0.715	1	0:00:09.606678
140	6	6	0.246	1	0:00:09.628266
160	2	2	0.00769	1	0:00:09.650364
180	0	0	0.898	1	0:00:09.682249
200	5	5	0.318	1	0:00:09.715150
220	7	7	0.27	1	0:00:09.729359
240	1	1	0.953	1	0:00:09.761503
260	8	8	0.898	1	0:00:09.789713
280	9	9	0.555	1	0:00:09.805974
300	6	6	0.953	1	0:00:09.828951
320	3	3	0.935	1	0:00:09.852715
340	2	2	0.73	1	0:00:09.861151
360	9	9	0.953	1	0:00:09.884568
380	6	6	0.953	1	0:00:09.889515
400	9	9	0.886	1	0:00:09.914057
420	4	4	0.62	1	0:00:09.928689
440	1	1	0.953	1	0:00:09.942672
460	5	5	0.953	1	0:00:09.956326
480	8	8	0.323	1	0:00:09.962839
500	4	-1	0.0	0	0:00:09.959495
520	5	3	0.399	0	0:00:09.972330
540	1	1	0.953	1	0:00:09.986671
560	0	0	0.953	1	0:00:09.977754
580	4	4	0.953	1	0:00:09.991565
600	8	8	0.165	1	0:00:10.007829
620	7	7	0.953	1	0:00:09.995926
640	5	3	0.277	0	0:00:09.999396
660	9	9	0.953	1	0:00:10.021202
680	9	0	0.344	0	0:00:10.003927
700	7	7	0.627	1	0:00:10.019898
720	4	4	0.953	1	0:00:10.031433
740	2	2	0.0778	1	0:00:10.009550
760	3	3	0.563	1	0:00:10.015970
780	9	9	0.953	1	0:00:10.047502
800	7	7	0.953	1	0:00:10.045805
820	6	6	0.511	1	0:00:10.042918
840	7	7	0.953	1	0:00:10.032952
860	4	4	0.953	1	0:00:10.038975
880	8	8	0.953	1	0:00:10.030005
900	2	3	0.0209	0	0:00:10.031614
920	6	6	0.953	1	0:00:10.057109
940	9	9	0.953	1	0:00:10.049500
960	9	9	0.935	1	0:00:10.056669
980	2	2	0.329	1	0:00:10.055693
1000	5	5	0.953	1	0:00:10.041805
1020	1	1	0.953	1	0:00:10.054842
1040	7	3	0.0196	0	0:00:10.054794
1060	9	9	0.953	1	0:00:10.076535
1080	6	6	0.714	1	0:00:10.055442
1100	7	8	0.225	0	0:00:10.053575
1120	5	2	0.208	0	0:00:10.055772
1140	6	6	0.953	1	0:00:10.049472
1160	8	8	0.953	1	0:00:10.047505
1180	3	3	0.728	1	0:00:10.062808
1200	8	8	0.953	1	0:00:10.070924
1220	9	3	0.391	0	0:00:10.057821
1240	2	2	0.22	1	0:00:10.058748
1260	1	1	0.79	1	0:00:10.049961
1280	3	3	0.0833	1	0:00:10.049409
1300	4	4	0.383	1	0:00:10.061747
1320	7	4	0.0577	0	0:00:10.063438
1340	1	1	0.953	1	0:00:10.067733
1360	7	7	0.953	1	0:00:10.061432
1380	4	4	0.666	1	0:00:10.055265
1400	5	5	0.555	1	0:00:10.050081
1420	4	4	0.669	1	0:00:10.043006
1440	0	0	0.547	1	0:00:10.044572
1460	6	6	0.953	1	0:00:10.060616
1480	1	1	0.269	1	0:00:10.080730
1500	1	1	0.953	1	0:00:10.072615
1520	7	4	0.219	0	0:00:10.060613
1540	8	8	0.953	1	0:00:10.054168
1560	7	7	0.953	1	0:00:10.066838
1580	6	-1	0.0	0	0:00:10.074338
1600	8	8	0.186	1	0:00:10.068842
1620	5	3	0.0966	0	0:00:10.061694
1640	7	4	0.0474	0	0:00:10.063346
1660	3	3	0.609	1	0:00:10.055627
1680	6	6	0.953	1	0:00:10.045508
1700	5	5	0.953	1	0:00:10.045556
1720	4	4	0.594	1	0:00:10.054676
1740	1	1	0.953	1	0:00:10.055251
1760	0	0	0.953	1	0:00:10.052973
1780	7	7	0.892	1	0:00:10.049270
1800	4	4	0.337	1	0:00:10.047215
1820	8	8	0.544	1	0:00:10.041024
1840	8	4	0.272	0	0:00:10.041495
1860	8	8	0.953	1	0:00:10.041310
1880	1	1	0.953	1	0:00:10.044719
1900	8	8	0.953	1	0:00:10.030435
1920	2	2	0.953	1	0:00:10.030701
1940	5	5	0.701	1	0:00:10.031993
1960	2	5	0.585	0	0:00:10.032702
1980	9	9	0.586	1	0:00:10.034718
2000	1	1	0.749	1	0:00:10.028991
2020	9	9	0.953	1	0:00:10.021110
2040	0	0	0.953	1	0:00:10.025010
2060	5	3	0.161	0	0:00:10.023973
2080	1	1	0.953	1	0:00:10.025387
2100	2	2	0.953	1	0:00:10.022197
2120	4	4	0.566	1	0:00:10.023732
2140	9	9	0.521	1	0:00:10.033660
2160	0	0	0.953	1	0:00:10.030668
2180	4	4	0.68	1	0:00:10.025008
2200	0	2	0.185	0	0:00:10.011230
2220	1	1	0.953	1	0:00:10.041935
2240	9	-1	0.0	0	0:00:10.045203
2260	4	4	0.953	1	0:00:10.039954
2280	4	4	0.281	1	0:00:10.038528
2300	3	3	0.289	1	0:00:10.056407
2320	5	5	0.497	1	0:00:10.040410
2340	7	7	0.953	1	0:00:10.036919
2360	7	7	0.275	1	0:00:10.052257
2380	8	8	0.953	1	0:00:10.047126
2400	0	0	0.953	1	0:00:10.038670
2420	8	8	0.837	1	0:00:10.063938
2440	7	7	0.776	1	0:00:10.058311
2460	9	9	0.793	1	0:00:10.065301
2480	8	8	0.898	1	0:00:10.068920
2500	4	4	0.324	1	0:00:10.050588
2520	1	1	0.555	1	0:00:10.072158
2540	2	2	0.37	1	0:00:10.040732
2560	7	7	0.953	1	0:00:10.051621
2580	6	3	0.169	0	0:00:10.073191
2600	8	8	0.953	1	0:00:10.066218
2620	1	1	0.953	1	0:00:10.062684
2640	7	7	0.953	1	0:00:10.054194
2660	3	3	0.533	1	0:00:10.044807
2680	0	0	0.953	1	0:00:10.060856
2700	9	9	0.607	1	0:00:10.074066
2720	3	3	0.466	1	0:00:10.048246
2740	1	1	0.953	1	0:00:10.056477
2760	2	2	0.351	1	0:00:10.051379
2780	7	7	0.953	1	0:00:10.049151
2800	4	4	0.935	1	0:00:10.052982
2820	6	6	0.953	1	0:00:10.063322
2840	3	3	0.953	1	0:00:10.060591
2860	5	5	0.32	1	0:00:10.061905
2880	4	4	0.953	1	0:00:10.044413
2900	3	3	0.000313	1	0:00:10.052674
2920	2	2	0.819	1	0:00:10.069143
2940	3	0	0.816	0	0:00:10.054813
2960	9	0	0.412	0	0:00:10.082604
2980	8	8	0.953	1	0:00:10.073879
3000	5	5	0.953	1	0:00:10.050433
3020	1	1	0.881	1	0:00:10.059983
3040	7	7	0.953	1	0:00:10.068813
3060	7	7	0.953	1	0:00:10.053687
3080	1	1	0.953	1	0:00:10.043599
3100	0	0	0.953	1	0:00:10.027982
3120	4	4	0.479	1	0:00:10.025692
3140	8	-1	0.0	0	0:00:10.030701
3160	6	2	0.295	0	0:00:10.035958
3180	3	3	0.228	1	0:00:10.039524
3200	5	5	0.953	1	0:00:10.030675
3220	3	-1	0.0	0	0:00:10.037847
3240	4	4	0.559	1	0:00:10.033324
3260	7	7	0.953	1	0:00:10.033010
3280	3	3	0.953	1	0:00:10.021392
3300	4	4	0.922	1	0:00:10.024878
3320	2	4	0.29	0	0:00:10.025485
3340	6	6	0.922	1	0:00:10.027392
3360	4	4	0.922	1	0:00:10.029233
3380	8	8	0.953	1	0:00:10.024610
3400	6	0	0.433	0	0:00:10.029332
3420	5	3	0.266	0	0:00:10.025999
3440	2	3	0.0243	0	0:00:10.040940
3460	1	1	0.953	1	0:00:10.042624
3480	2	2	0.953	1	0:00:10.023543
3500	1	1	0.935	1	0:00:10.056297
3520	1	1	0.953	1	0:00:10.050379
3540	6	6	0.953	1	0:00:10.050623
3560	1	1	0.608	1	0:00:10.054032
3580	4	4	0.571	1	0:00:10.054678
3600	4	3	0.215	0	0:00:10.051185
3620	0	0	0.935	1	0:00:10.057523
3640	6	6	0.653	1	0:00:10.043333
3660	0	0	0.953	1	0:00:10.030573
3680	0	0	0.898	1	0:00:10.064590
3700	3	3	0.823	1	0:00:10.043958
3720	2	2	0.953	1	0:00:10.051089
3740	0	0	0.953	1	0:00:10.050714
3760	7	7	0.953	1	0:00:10.065987
3780	4	4	0.736	1	0:00:10.043232
3800	9	9	0.922	1	0:00:10.058201
3820	0	0	0.922	1	0:00:10.057774
3840	6	6	0.315	1	0:00:10.053264
3860	7	7	0.953	1	0:00:10.047621
3880	6	6	0.935	1	0:00:10.045935
3900	3	6	0.241	0	0:00:10.040919
3920	7	-1	0.0	0	0:00:10.064775
3940	6	6	0.558	1	0:00:10.056593
3960	2	2	0.886	1	0:00:10.056126
3980	9	2	0.155	0	0:00:10.057313
4000	8	0	0.109	0	0:00:10.055472
4020	8	8	0.73	1	0:00:10.067796
4040	0	0	0.953	1	0:00:10.071016
4060	6	6	0.922	1	0:00:10.042567
4080	1	1	0.953	1	0:00:10.055476
4100	7	7	0.953	1	0:00:10.052306
4120	4	4	0.953	1	0:00:10.057029
4140	5	3	0.0803	0	0:00:10.072636
4160	5	5	0.953	1	0:00:10.071332
4180	0	0	0.807	1	0:00:10.056224
4200	4	4	0.769	1	0:00:10.055165
4220	4	4	0.156	1	0:00:10.049378
4240	7	7	0.326	1	0:00:10.046741
4260	8	8	0.953	1	0:00:10.061355
4280	8	8	0.0412	1	0:00:10.050745
4300	8	8	0.647	1	0:00:10.042822
4320	1	0	0.0807	0	0:00:10.064862
4340	0	0	0.953	1	0:00:10.049386
4360	6	6	0.953	1	0:00:10.056895
4380	9	9	0.446	1	0:00:10.081157
4400	3	3	0.46	1	0:00:10.064684
4420	5	5	0.648	1	0:00:10.073518
4440	2	2	0.892	1	0:00:10.072155
4460	9	9	0.953	1	0:00:10.070728
4480	9	9	0.771	1	0:00:10.067690
4500	3	6	0.0841	0	0:00:10.046558
4520	3	3	0.383	1	0:00:10.043892
4540	9	9	0.406	1	0:00:10.069822
4560	1	1	0.953	1	0:00:10.064480
4580	6	6	0.953	1	0:00:10.044302
4600	4	4	0.819	1	0:00:10.070793
4620	7	7	0.4	1	0:00:10.070060
4640	2	2	0.935	1	0:00:10.064777
4660	7	7	0.424	1	0:00:10.074865
4680	9	9	0.953	1	0:00:10.094688
4700	6	6	0.688	1	0:00:10.067018
4720	8	8	0.529	1	0:00:10.067323
4740	5	-1	0.0	0	0:00:10.058830
4760	3	3	0.544	1	0:00:10.053544
4780	0	0	0.593	1	0:00:10.050387
4800	9	9	0.953	1	0:00:10.078521
4820	3	3	0.855	1	0:00:10.051897
4840	0	0	0.953	1	0:00:10.056160
4860	5	5	0.953	1	0:00:10.064317
4880	0	0	0.206	1	0:00:10.052974
4900	3	3	0.953	1	0:00:10.050287
4920	7	7	0.837	1	0:00:10.056070
4940	6	6	0.953	1	0:00:10.057765
4960	4	4	0.497	1	0:00:10.058492
4980	1	1	0.953	1	0:00:10.079457
5000	7	7	0.953	1	0:00:10.061614
5020	8	8	0.953	1	0:00:10.062668
5040	3	3	0.953	1	0:00:10.045648
5060	6	6	0.839	1	0:00:10.062834
5080	7	7	0.913	1	0:00:10.052263
5100	3	3	0.953	1	0:00:10.047047
5120	9	9	0.953	1	0:00:10.077813
5140	8	8	0.953	1	0:00:10.050723
5160	0	0	0.953	1	0:00:10.061767
5180	9	9	0.175	1	0:00:10.072341
5200	3	3	0.811	1	0:00:10.065374
5220	0	0	0.953	1	0:00:10.057175
5240	1	1	0.45	1	0:00:10.061679
5260	0	0	0.935	1	0:00:10.053009
5280	0	4	0.477	0	0:00:10.050373
5300	9	9	0.823	1	0:00:10.050974
5320	7	3	0.273	0	0:00:10.052594
5340	3	4	0.795	0	0:00:10.043756
5360	9	9	0.953	1	0:00:10.062698
5380	1	1	0.953	1	0:00:10.054077
5400	9	9	0.953	1	0:00:10.043535
5420	6	6	0.953	1	0:00:10.040557
5440	9	9	0.953	1	0:00:10.046220
5460	0	3	0.953	0	0:00:10.036123
5480	1	1	0.953	1	0:00:10.041184
5500	8	8	0.913	1	0:00:10.033102
5520	4	3	0.556	0	0:00:10.034189
5540	5	5	0.0555	1	0:00:10.026042
5560	3	5	0.0361	0	0:00:10.029253
5580	5	5	0.737	1	0:00:10.027250
5600	6	6	0.369	1	0:00:10.031330
5620	3	6	0.433	0	0:00:09.996390
5640	2	5	0.173	0	0:00:10.004351
5660	9	9	0.376	1	0:00:10.033861
5680	2	2	0.466	1	0:00:10.024788
5700	3	3	0.65	1	0:00:10.021293
5720	9	9	0.953	1	0:00:10.037234
5740	6	6	0.858	1	0:00:10.011521
5760	2	2	0.134	1	0:00:10.031664
5780	7	7	0.953	1	0:00:10.031840
5800	2	2	0.913	1	0:00:10.035525
5820	5	5	0.935	1	0:00:10.038805
5840	2	2	0.865	1	0:00:10.039446
5860	0	0	0.869	1	0:00:10.043505
5880	0	0	0.953	1	0:00:10.035865
5900	4	2	0.0897	0	0:00:10.030766
5920	8	8	0.935	1	0:00:10.048868
5940	7	-1	0.0	0	0:00:10.053412
5960	2	6	0.00141	0	0:00:10.053580
5980	9	9	0.922	1	0:00:10.060751
6000	8	8	0.706	1	0:00:10.064912
6020	6	6	0.953	1	0:00:10.052296
6040	2	2	0.222	1	0:00:10.052824
6060	3	3	0.101	1	0:00:10.049781
6080	1	1	0.831	1	0:00:10.068474
6100	1	1	0.953	1	0:00:10.051031
6120	5	5	0.457	1	0:00:10.054316
6140	9	9	0.953	1	0:00:10.061540
6160	2	2	0.77	1	0:00:10.042281
6180	0	0	0.549	1	0:00:10.055752
6200	3	3	0.44	1	0:00:10.046246
6220	2	2	0.13	1	0:00:10.042549
6240	2	2	0.953	1	0:00:10.040256
6260	2	0	0.304	0	0:00:10.052313
6280	8	5	0.0841	0	0:00:10.040407
6300	1	1	0.953	1	0:00:10.066741
6320	0	0	0.57	1	0:00:10.041294
6340	3	3	0.796	1	0:00:10.031000
6360	2	2	0.736	1	0:00:10.036040
6380	3	3	0.652	1	0:00:10.040498
6400	0	0	0.647	1	0:00:10.050146
6420	7	-1	0.0	0	0:00:10.050671
6440	3	3	0.236	1	0:00:10.050858
6460	3	3	0.953	1	0:00:10.046126
6480	0	0	0.0314	1	0:00:10.060038
6500	7	4	0.618	0	0:00:10.048867
6520	6	6	0.953	1	0:00:10.038092
6540	8	8	0.953	1	0:00:10.053676
6560	6	6	0.935	1	0:00:10.054429
6580	1	1	0.00932	1	0:00:10.060953
6600	7	7	0.953	1	0:00:10.052414
6620	7	7	0.953	1	0:00:10.049234
6640	5	3	0.953	0	0:00:10.048548
6660	0	0	0.953	1	0:00:10.043977
6680	3	3	0.45	1	0:00:10.059976
6700	6	6	0.604	1	0:00:10.048305
6720	2	2	0.0773	1	0:00:10.048507
6740	2	2	0.448	1	0:00:10.037996
6760	5	5	0.953	1	0:00:10.056845
6780	7	7	0.953	1	0:00:10.066092
6800	6	6	0.507	1	0:00:10.053505
6820	1	1	0.953	1	0:00:10.072419
6840	9	9	0.454	1	0:00:10.062275
6860	0	0	0.478	1	0:00:10.057782
6880	2	2	0.953	1	0:00:10.047252
6900	3	3	0.767	1	0:00:10.058233
6920	5	2	0.0227	0	0:00:10.037338
6940	1	1	0.953	1	0:00:10.071738
6960	9	9	0.913	1	0:00:10.045395
6980	0	-1	0.0	0	0:00:10.050536
7000	2	8	0.728	0	0:00:10.062842
7020	7	7	0.953	1	0:00:10.065788
7040	7	0	0.865	0	0:00:10.059149
7060	8	8	0.953	1	0:00:10.063957
7080	5	3	0.35	0	0:00:10.055349
7100	9	3	0.661	0	0:00:10.054918
7120	7	5	0.0177	0	0:00:10.061645
7140	4	4	0.538	1	0:00:10.053395
7160	5	5	0.813	1	0:00:10.048460
7180	6	6	0.953	1	0:00:10.044952
7200	4	4	0.692	1	0:00:10.058914
7220	9	9	0.805	1	0:00:10.052916
7240	0	0	0.886	1	0:00:10.050924
7260	1	1	0.953	1	0:00:10.057044
7280	1	1	0.402	1	0:00:10.067943
7300	3	3	0.543	1	0:00:10.045672
7320	8	8	0.596	1	0:00:10.039001
7340	2	2	0.715	1	0:00:10.051974
7360	2	-1	0.0	0	0:00:10.069437
7380	7	7	0.355	1	0:00:10.033440
7400	3	3	0.353	1	0:00:10.043421
7420	3	5	0.214	0	0:00:10.037515
7440	3	3	0.29	1	0:00:10.042641
7460	5	5	0.953	1	0:00:10.041851
7480	1	1	0.905	1	0:00:10.059622
7500	6	6	0.953	1	0:00:10.044924
7520	4	2	0.377	0	0:00:10.035795
7540	5	5	0.953	1	0:00:10.041083
7560	0	0	0.14	1	0:00:10.040647
7580	8	0	0.708	0	0:00:10.048260
7600	8	2	0.102	0	0:00:10.037593
7620	5	3	0.351	0	0:00:10.059333
7640	9	1	0.122	0	0:00:10.036187
7660	7	7	0.778	1	0:00:10.035546
7680	3	5	0.0764	0	0:00:10.028537
7700	6	6	0.953	1	0:00:10.033294
7720	5	5	0.56	1	0:00:10.012583
7740	4	2	0.0172	0	0:00:10.023612
7760	2	0	0.279	0	0:00:10.026902
7780	3	1	0.0663	0	0:00:10.039532
7800	0	0	0.913	1	0:00:10.007787
7820	5	3	0.267	0	0:00:10.014990
7840	1	1	0.953	1	0:00:10.029229
7860	8	8	0.905	1	0:00:10.017524
7880	0	0	0.935	1	0:00:10.024738
7900	0	-1	0.0	0	0:00:10.025803
7920	9	9	0.852	1	0:00:10.035344
7940	2	2	0.401	1	0:00:10.027376
7960	0	0	0.0197	1	0:00:10.021701
7980	3	3	0.745	1	0:00:10.033178
8000	9	9	0.724	1	0:00:10.038681
8020	6	3	0.303	0	0:00:10.030706
8040	2	2	0.953	1	0:00:10.029836
8060	6	6	0.953	1	0:00:10.035238
8080	4	4	0.414	1	0:00:10.035384
8100	6	6	0.744	1	0:00:10.034871
8120	8	8	0.444	1	0:00:10.043614
8140	5	5	0.489	1	0:00:10.046018
8160	6	6	0.953	1	0:00:10.050148
8180	4	2	0.033	0	0:00:10.032482
8200	3	3	0.251	1	0:00:10.033985
8220	6	6	0.847	1	0:00:10.057430
8240	7	7	0.709	1	0:00:10.035980
8260	1	1	0.953	1	0:00:10.052202
8280	4	4	0.953	1	0:00:10.049558
8300	5	3	0.174	0	0:00:10.049331
8320	7	7	0.586	1	0:00:10.054824
8340	5	3	0.591	0	0:00:10.051131
8360	7	7	0.935	1	0:00:10.058409
8380	9	9	0.636	1	0:00:10.050566
8400	0	0	0.764	1	0:00:10.062871
8420	3	6	0.913	0	0:00:10.035239
8440	5	5	0.358	1	0:00:10.042245
8460	8	8	0.913	1	0:00:10.050121
8480	2	2	0.0385	1	0:00:10.062288
8500	4	4	0.953	1	0:00:10.028561
8520	8	8	0.865	1	0:00:10.052755
8540	4	4	0.775	1	0:00:10.045279
8560	7	7	0.953	1	0:00:10.063903
8580	3	3	0.0766	1	0:00:10.052591
8600	3	3	0.704	1	0:00:10.056709
8620	3	5	0.00177	0	0:00:10.070825
8640	1	1	0.953	1	0:00:10.086162
8660	7	7	0.335	1	0:00:10.056106
8680	3	3	0.497	1	0:00:10.058985
8700	3	3	0.584	1	0:00:10.053898
8720	2	2	0.271	1	0:00:10.040790
8740	2	2	0.0621	1	0:00:10.063631
8760	8	8	0.935	1	0:00:10.063674
8780	4	4	0.738	1	0:00:10.044444
8800	0	0	0.953	1	0:00:10.044429
8820	2	2	0.953	1	0:00:10.067412
8840	2	3	0.101	0	0:00:10.045160
8860	2	2	0.953	1	0:00:10.054044
8880	1	1	0.953	1	0:00:10.069089
8900	2	2	0.686	1	0:00:10.044286
8920	6	6	0.953	1	0:00:10.045397
8940	6	3	0.193	0	0:00:10.053942
8960	0	0	0.511	1	0:00:10.030012
8980	9	9	0.855	1	0:00:10.048114
9000	8	8	0.953	1	0:00:10.058157
9020	7	7	0.953	1	0:00:10.065501
9040	2	5	0.953	0	0:00:10.045352
9060	9	9	0.935	1	0:00:10.057942
9080	3	3	0.22	1	0:00:10.039816
9100	9	1	0.712	0	0:00:10.060950
9120	3	3	0.444	1	0:00:10.046511
9140	7	7	0.534	1	0:00:10.048054
9160	5	3	0.038	0	0:00:10.043024
9180	5	5	0.953	1	0:00:10.056718
9200	8	8	0.953	1	0:00:10.055395
9220	8	0	0.525	0	0:00:10.059108
9240	8	8	0.501	1	0:00:10.039250
9260	5	3	0.167	0	0:00:10.057781
9280	9	9	0.708	1	0:00:10.053781
9300	5	3	0.757	0	0:00:10.046556
9320	9	9	0.953	1	0:00:10.065163
9340	1	1	0.953	1	0:00:10.056112
9360	5	0	0.579	0	0:00:10.046107
9380	5	5	0.165	1	0:00:10.047990
9400	6	6	0.953	1	0:00:10.061673
9420	5	5	0.953	1	0:00:10.058102
9440	8	8	0.299	1	0:00:10.049169
9460	3	3	0.0483	1	0:00:10.038262
9480	2	2	0.52	1	0:00:10.061281
9500	9	9	0.136	1	0:00:10.071121
9520	1	1	0.953	1	0:00:10.056018
9540	5	5	0.175	1	0:00:10.068124
9560	9	0	0.0204	0	0:00:10.081545
9580	1	1	0.953	1	0:00:10.054801
9600	8	8	0.833	1	0:00:10.044608
9620	4	4	0.922	1	0:00:10.039895
9640	5	5	0.738	1	0:00:10.058163
9660	6	6	0.953	1	0:00:10.063555
9680	8	8	0.317	1	0:00:10.054860
9700	0	0	0.953	1	0:00:10.038724
9720	8	8	0.388	1	0:00:10.058276
9740	3	6	0.536	0	0:00:10.062145
9760	9	6	0.103	0	0:00:10.054965
9780	4	-1	0.0	0	0:00:10.067801
9800	1	1	0.953	1	0:00:10.057637
9820	0	8	0.393	0	0:00:10.054445
9840	4	7	0.953	0	0:00:10.041571
9860	0	0	0.813	1	0:00:10.050139
9880	7	7	0.149	1	0:00:10.047953
9900	8	8	0.953	1	0:00:10.028847
9920	6	6	0.935	1	0:00:10.047131
9940	4	4	0.437	1	0:00:10.052987
9960	2	0	0.0285	0	0:00:10.034301
9980	0	0	0.953	1	0:00:10.046533
